                                                             Casos nuevos de Intoxicación por picadura de alacrán (T63.2, X22) por grupos de edad
                                                                                         Estados Unidos Mexicanos 2013
                                                                                                Población General
                                                                                                       Grupos de edad
          Estado                                                                                                                                                                Total
                                        <1            1-4               5-9    10 - 14      15 - 19    20 - 24          25 - 44   45 - 49   50 - 59   60 - 64   65 y +   Ign.
Aguascalientes                          14             145              205      211          272         228              493      117       139        64       134      0        2 022
Baja California                          2              16               16       10           15          21               55        4         9         2         2      0          152
Baja California Sur                      1               5                5       10            4          10               15        3         7         1         0      0           61
Campeche                                 0               4                7        2            4           8               29        3         8         4         6      0           75
Coahuila                                 4              17               12       24           21          34               81        8        14         3         7      0          225
Colima                                  59             603              751    1 020        1 391       1 330            3 843      676     1 011       353       676      4       11 717
Chiapas                                  2              15               30       25           17          30              121       23        51        11        24      0          349
Chihuahua                                8              48               43       45           40          36              105       22        24         9        17      0          397
Distrito Federal                         4              32               62       53           65          66              169       34        39        13        21      0          558
Durango                                 68             591              750      999        1 194       1 113            2 781      516       691       311       602      0        9 616
Guanajuato                             205           2 721            3 574    4 221        3 731       3 371            9 234    1 484     2 215       770     1 802     21       33 349
Guerrero                               354           4 994            6 172    7 323        7 764       6 362           15 676    3 059     4 522     1 725     4 108     47       62 106
Hidalgo                                  1              15               31       23           26          28               67       10        17         9        10      0          237
Jalisco                                362           4 248            4 910    5 764        5 969       5 782           15 693    2 618     4 154     1 457     3 284     62       54 303
México                                  67           1 142            1 438    1 407        1 359       1 176            2 747      494       740       286       651    131       11 638
Michoacán                              219           3 139            3 478    3 976        4 086       4 001            9 373    1 846     2 453       931     1 908    116       35 526
Morelos                                 96           2 312            3 147    3 663        3 975       3 595            9 130    1 775     2 818     1 045     2 151     61       33 768
Nayarit                                229           1 177            1 349    1 588        1 653       1 816            4 423      990     1 285       658     1 118     68       16 354
Nuevo León                               2               9               14       14           14          15               75        8        13         3        12      0          179
Oaxaca                                  23             409              517      581          591         563            1 395      323       505       220       572      7        5 706
Puebla                                  70             927            1 133    1 384        1 609       1 436            3 357      768     1 138       504     1 165      7       13 498
Querétaro                               23             268              313      460          602         712            2 064      306       513       163       329      0        5 753
Quintana Roo                             1              13                5        4           14          15               45        7        12         1         6      1          124
San Luis Potosí                          4              20               25       25           39          43              113       18        41        15        35      0          378
Sinaloa                                 51             695              809      998        1 071       1 047            2 904      624       936       352       711      5       10 203
Sonora                                  68             625              616      641          619         550            1 517      300       484       161       298      6        5 885
Tabasco                                  0               4                5        1            3           5               14        2         4         1         1      0           40
Tamaulipas                               5              44               34       52           49          45              152       27        40        15        36      1          500
Tlaxcala                                 0               1                3        4            5           6               15        7         6         2         3      0           52
Veracruz                                 4              12               19        8           27          29               84       14        24         9        14      0          244
Yucatán                                  0               2                3        1            6           6                9        2         7         3         4      0           43
Zacatecas                               22             278              347      456          495         443            1 062      262       305       154       362      2        4 188

TOTAL GLOBAL                          1 968         24 531            29 823   34 993       36 730      33 922          86 841    16 350    24 225     9 255    20 069   539      319 246
FUENTE: SUIVE/DGE/Secretaría de Salud/Estados Unidos Mexicanos 2013
