                                                          Casos nuevos de Intoxicación por picadura de alacrán (T63.2, X22) por grupos de edad
                                                                                     Estados Unidos Mexicanos 2012
                                                                                            Población General
                                                                                                   Grupos de edad
          Estado                                                                                                                                                            Total
                                     <1            1-4            5-9      10 - 14     15 - 19     20 - 24          25 - 44   45 - 49   50 - 59   60 - 64   65 y +   Ign.
Aguascalientes                        9            135            197        292          335         262              599       93       172        61       140      0        2 295
Baja California                       1              9              9         19           16          14               44        5         8         4         2      0          131
Baja California Sur                   2             13             13         10           15          16               54        4         8         4         4      0          143
Campeche                              1              4              1          3            7          11               24        6         6         5        14      0           82
Coahuila                              2             15             23         26           17          36               91       12         8         1         0      0          231
Colima                               37            613            747        964        1 412       1 368            4 035      627     1 071       347       743    151       12 115
Chiapas                               4             16             10         26           40          41              120       17        26         9        22      0          331
Chihuahua                            11             66             48         46           50          44              137       29        20         9        25      0          485
Distrito Federal                      1             22             40         59           58          48              129       25        41        19        12      1          455
Durango                              48            523            659        823        1 058         937            2 247      469       545       216       420      0        7 945
Guanajuato                          206          2 920          3 866      4 695        3 980       3 626            9 675    1 663     2 323       773     1 745     18       35 490
Guerrero                            384          4 939          6 192      6 987        7 258       5 735           14 566    2 607     4 089     1 514     3 619     32       57 922
Hidalgo                               3             16             14         34           19          22               72       21        19        11        18      0          249
Jalisco                             320          4 025          4 969      5 967        6 010       5 921           15 533    2 591     3 983     1 456     2 999     82       53 856
México                               84          1 164          1 303      1 440        1 322       1 081            2 343      397       613       225       554    254       10 780
Michoacán                           292          2 941          3 355      3 797        4 250       3 982            8 904    1 753     2 307       983     1 802      9       34 375
Morelos                             112          2 418          3 297      3 753        3 974       3 536            8 464    1 596     2 479       866     1 821     39       32 355
Nayarit                             104          1 061          1 392      1 503        1 827       1 752            4 581      864     1 257       497     1 066      5       15 909
Nuevo León                            2             13             16         18           24          39               85       11        18         5         8      0          239
Oaxaca                               21            369            490        548          631         507            1 294      328       446       195       574      7        5 410
Puebla                               69          1 018          1 417      1 708        1 892       1 641            3 616      822     1 231       549     1 367     12       15 342
Querétaro                            14            300            366        448          569         633            2 026      358       488       139       301      0        5 642
Quintana Roo                          2              5              9          7           11          19               32        9         6         1         4      2          107
San Luis Potosí                       0             23             27         38           35          43              118       22        39        12        49      0          406
Sinaloa                              56            751            882      1 005        1 078       1 090            2 935      607       936       397       807      6       10 550
Sonora                               62            601            684        673          638         589            1 609      314       520       175       295      6        6 166
Tabasco                               1              6              5          3            3          18               30        1         8         1         0      0           76
Tamaulipas                            8             44             39         35           43          53              169       30        43        14        39      1          518
Tlaxcala                              0              3              1          5            4          12               17        3         6         2         4      1           58
Veracruz                              1             24             12         21           28          29               75       12        36         9        22      0          269
Yucatán                               0              3              8          4            4           8               21        1         5         3         2      0           59
Zacatecas                            11            248            329        383          375         389              913      196       269       130       321      4        3 568

TOTAL GLOBAL                       1 868         24 308         30 420     35 340       36 983      33 502          84 558    15 493    23 026     8 632    18 799   630      313 559
FUENTE: SUIVE/DGE/Secretaría de Salud/Estados Unidos Mexicanos 2012
S.N.= Sin notificación de casos
