                                                                      Casos nuevos de Intoxicación por picadura de alacrán (T63.2, X22) por grupos de edad
                                                                                                 Estados Unidos Mexicanos 2011
                                                                                                        Población General
                                                                                                                Grupos de edad
            Estado                                                                                                                                                                        Total
                                            <1             1-4             5-9       10 - 14      15 - 19      20 - 24           25 - 44   45 - 49    50 - 59   60 - 64   65 y +   Ign.
Aguascalientes                              7               144            178          271          302          218               564       87        133        48       136      0        2 088
Baja California                             1                 6             24           15           12           11                40        7          7         4         2      0          129
Baja California Sur                         1                 7              7            7            8           16                40        5         11         2         2      0          106
Campeche                                    0                 9              4            9           12           11                30        5         10         3         1      0           94
Coahuila                                    1                19             17           17           20           28                68       15         12         2         4      0          203
Colima                                     63               653            825        1 095        1 355        1 392             3 845      599        970       315       653     16       11 781
Chiapas                                     5                33             20           25           32           35               119       19         30        13        32      0          363
Chihuahua                                  11                60             43           50           44           52               120       15         24        15        17      0          451
Distrito Federal                            4                29             47           59           54           58               167       28         29        12        25      1          513
Durango                                    38               441            651          779          969          922             2 187      432        570       240       440      0        7 669
Guanajuato                                143             2 606          3 179        3 964        3 974        3 318             8 116    1 339      1 824       687     1 392      6       30 548
Guerrero                                  336             4 140          5 523        6 505        6 514        5 058            12 575    2 333      3 612     1 383     3 274     31       51 284
Hidalgo                                     2                14             18           27           27           23                64        8         20         1        15      0          219
Jalisco                                   352             4 094          5 019        5 719        6 178        5 602            14 856    2 409      3 550     1 359     2 957    119       52 214
México                                     83             1 019          1 238        1 313        1 197          969             2 270      393        548       241       505      5        9 781
Michoacán                                 273             2 623          3 286        3 655        4 109        3 435             8 672    1 543      2 024       846     1 634      6       32 106
Morelos                                   130             2 700          3 605        4 029        4 521        3 759             9 566    2 003      3 053       949     2 193    103       36 611
Nayarit                                   176               947          1 122        1 348        1 620        1 463             3 986      690        995       428       867      3       13 645
Nuevo León                                  0                19             19           19           24           30                88        9         12         1         6      0          227
Oaxaca                                     27               376            518          581          600          530             1 283      292        475       187       534      6        5 409
Puebla                                     62             1 036          1 481        1 645        1 848        1 529             3 618      798      1 281       575     1 359      7       15 239
Querétaro                                  37               399            405          516          627          584             1 840      291        478       160       266      0        5 603
Quintana Roo                                3                16             14           10           20           30               102       16         13         2         9      1          236
San Luis Potosí                             1                12             22           21           29           31                81       21         27         3        19      0          267
Sinaloa                                    50               662            789        1 001        1 089          946             2 567      548        809       402       644     14        9 521
Sonora                                     63               591            634          622          576          547             1 426      263        436       166       264      4        5 592
Tabasco                                     1                 7              6            6            0           12                21        3          5         2         3      0           66
Tamaulipas                                  3                23             30           30           33           26               113       23         26        12        16      2          337
Tlaxcala                                    0                 1              9            7            5           13                21        0          2         0         5      0           63
Veracruz                                    1                13             16           23           18           22                95       11         27         8        23      1          258
Yucatán                                     0                 0              0            8            2            9                32        4          8         2         8      0           73
Zacatecas                                  21               256            344          376          433          407               945      193        280       129       310      2        3 696
TOTAL GLOBAL                             1 895            22 955         29 093      33 752       36 252       31 086            79 517    14 402     21 301     8 197    17 615   327      296 392
FUENTE: SUIVE/DGE/Secretaría de Salud/Estados Unidos Mexicanos-2011
S.N.= Sin notificación de casos
