                                    Casos nuevos de Intoxicación por picadura de alacrán (T63.2, X22) por mes de ocurrencia
                                                                         Estados Unidos Mexicanos 2013
                                                                               Población General
                                                                                                 Mes de ocurrencia
          Estado              Total
                                              Ene           Feb        Mar       Abr     May         Jun          Jul    Ago       Sep     Oct      Nov       Dic
Aguascalientes                  2 022           98           81         158      209      364        208         221      150      198      189       88       58
Baja California                   152            1            5           3        5       13         19           30      16       32       23        5        0
Baja California Sur                61            3            3           5        4        8          5            7       6        9        4        3        4
Campeche                           75            2            9           9        3        6         11            8       6        9        7        4        1
Coahuila                          225            4            1           5       17       48         39           34      27       36       13        0        1
Colima                         11 717          912          650         707      794    1 061      1 001       1 186      971    1 102    1 554      968      811
Chiapas                           349           34           23          37       34       53         30           36      32       14       18       21       17
Chihuahua                         397           12            9          18       26       52         50           64      45       40       55       20        6
Distrito Federal                  558           37           32          32       50       70         68           77      63       41       33       32       23
Durango                         9 616          304          377         639      894    1 627      1 429       1 192      887      738      752      429      348
Guanajuato                     33 349        1 538        1 975       2 384    4 034    5 412      3 721       3 377    2 669    2 394    2 891    1 699    1 255
Guerrero                       62 106        4 598        3 475       3 481    4 689    6 505      5 717       5 726    4 255    4 165    7 441    7 819    4 235
Hidalgo                           237            8           15          12       26       28         25           27      26       16       28       14       12
Jalisco                        54 303        3 466        3 123       3 806    5 467    7 542      5 357       5 028    4 027    4 017    6 009    3 604    2 857
México                         11 638          719          555         573      952    1 649      1 147         952      803      874    1 442    1 136      836
Michoacán                      35 526        2 479        2 165       2 282    3 121    4 502      3 435       3 320    2 675    2 550    3 755    2 932    2 310
Morelos                        33 768        1 769        1 971       2 354    3 633    4 518      3 107       2 905    2 382    2 433    3 761    2 733    2 202
Nayarit                        16 354          989          682         974    1 084    1 291      1 725       2 113    1 483    1 413    2 072    1 553      975
Nuevo León                        179            2            3           4       19       35         26           34      23       14       14        2        3
Oaxaca                          5 706          392          363         394      505      663        548         557      387      389      560      502      446
Puebla                         13 498        1 126        1 073       1 107    1 355    1 578      1 127       1 229      954      888    1 252    1 202      607
Querétaro                       5 753          323          352         368      612      855        579         632      471      425      576      311      249
Quintana Roo                      124           11            6          13       10       11         10           20      14        8        9        6        6
San Luis Potosí                   378           12           13          19       28       48         39           91      53       30       22       15        8
Sinaloa                        10 203          516          356         364      505      814        897       1 223    1 134    1 317    1 569      909      599
Sonora                          5 885          159           77         207      396      985      1 174         925      658      576      462      187       79
Tabasco                            40            3            5           2        5        4          4            3       3        6        3        2        0
Tamaulipas                        500           15           27          38       58       67         71           82      54       28       32       19        9
Tlaxcala                           52            1            1           3        5        8          5            7       6        6        2        4        4
Veracruz                          244           10           18          23       22       34         21           33      21       13       31       10        8
Yucatán                            43            2            3           3        8        2          6            2       7        4        4        0        2
Zacatecas                       4 188          134          147         230      355      558        501         571      373      400      442      267      210
TOTAL GLOBAL                  319 246       19 679      17 595        20 254   28 925   40 411     32 102     31 712    24 681   24 185   35 025   26 496   18 181
FUENTE: SUIVE/DGE/Secretaría de Salud/Estados Unidos Mexicanos 2013
