                                     Casos nuevos      de Intoxicación por picadura de alacrán (T63.2, X22) por mes de ocurrencia
                                                                      Estados Unidos Mexicanos 2012
                                                                            Población General
                                                                                                 Mes de ocurrencia
        Estado              Total
                                          ENE          FEB             MAR      ABR      MAY       JUN        JUL     AGO      SEP      OCT      NOV      DIC
Aguascalientes              2 295          116          95              166      243      301       265        286     177      207      248      131      60
Baja California               131           2            1               7        4       11         5         14      35       33       12        7        0
Baja California Sur           143           2            3               7        5       23        22         22      22       20        9        7        1
Campeche                      82            2           14               3        3        8        14         11      10        6        3        6        2
Coahuila                      231           1            3               5       23       50        27         39      38       22       15        4        4
Colima                      12 115         837          756             771      607    1 265     1 111      1 446   1 065    1 152    1 430      897      778
Chiapas                       331          24           14              19       18       64        31         30      25       27       22       33       24
Chihuahua                     485          10           14              23       45       73        66         75      53       66       44       11        5
Distrito Federal              455          22           26              42       35       59        47         56      38       47       32       24       27
Durango                     7 945          381          284             348      760    1 415     1 154        937     739      621      622      420      264
Guanajuato                  35 490       1 975        2 133           2 455    4 276    6 672     3 970      3 336   2 624    2 517    3 005    1 366    1 161
Guerrero                    57 922       4 341        3 310           4 140    4 181    6 461     4 883      5 634   4 336    4 659    6 211    6 021    3 745
Hidalgo                       249          11           12              13       18       23        33         35      32       30       26        9        7
Jalisco                     53 856       3 691        2 946           3 876    5 054    7 560     5 577      4 879   3 929    4 363    5 732    3 398    2 851
México                      10 780         602          517             750    1 153    1 546       888        932     812      750    1 303      902      625
Michoacán                   34 375       2 232        1 931           2 478    2 975    4 671     3 145      3 122   2 562    2 587    3 724    2 799    2 149
Morelos                     32 355       2 094        2 094           2 840    3 375    4 352     2 783      3 096   2 356    2 490    3 311    2 123    1 441
Nayarit                     15 909       1 008          734             862    1 098    1 646     1 709      1 891   1 355    1 511    1 918    1 344      833
Nuevo León                    239           6            6               7       26       29        33         28      36       29       23        9        7
Oaxaca                      5 410          348          346             422      450      711       502        571     422      432      494      409      303
Puebla                      15 342         918        1 026           1 268    1 477    2 086     1 369      1 376   1 103    1 286    1 432    1 121      880
Querétaro                   5 642          240          211             305      527      867       632        608     477      505      710      307      253
Quintana Roo                  107           9           16              19       12        7        10          7       5        8        6        6        2
San Luis Potosí               406          13           18              36       47       54        45         52      35       52       27       20        7
Sinaloa                     10 550         346          346             376      545    1 036     1 023      1 370   1 189    1 345    1 596      805      573
Sonora                      6 166          175          83              215      429    1 042     1 192        912     664      594      512      225      123
Tabasco                       76            4            6               7        5       14         4         12       7        7        4        2        4
Tamaulipas                    518          10           13              26       49       75        65         80      48       74       43       24       11
Tlaxcala                      58            4            1               3        6        7         7          7       8        5        7        3        0
Veracruz                      269          10           21              23       30       47        19         23      24       32       16       17        7
Yucatán                       59            5           11               5        2        2         5          3       7        6       11        1        1
Zacatecas                   3 568          149          128             222      321      536       462        481     321      291      308      222      127
TOTAL GLOBAL               313 559       19 588       17 119          21 739   27 799   42 713   31 098     31 371   24 554   25 774   32 856   22 673   16 275
FUENTE: SUIVE/DGE/Secretaría de Salud/Estados Unidos Mexicanos 2012
