                  Casos de Intoxicación por picadura de alacrán (T63.2, X22) por mes de ocurrencia
                                                          Estados Unidos Mexicanos
                                                                    2009
                                                              Población General
                                                                                     Mes de ocurrencia
       Estado             Total       ENE       FEB       MAR       ABR        MAY         JUN        JUL        AGO        SEP         OCT     NOV             DIC
Aguascalientes           1 912         75       106       204       191        182         239        152        183        181         171         116         112
Baja California            204          2         2         5         6         19          30         41         35         46          12           4            2
Baja California Sur         99          5         2         7         5         13          14         10          6         18           7           6            6
Campeche                    87          4        10        10         4          3           4          7          9         16           8           8            4
Coahuila                   205          0         4        12        26         17          20         27         44         42          10           1            2
Colima                  10 182        683       595       795       670        850     1   001        938        798    1   090     1   012         884         866
Chiapas                    385         19        44        21        26         32          39         29         33         46          27          28          41
Chihuahua                  405          7        13        29        27         60          66         59         43         46          35          14            6
Distrito Federal           460         28        37        28        34         48          62         59         41         39          30          24          30
Durango                  5 896        231       265       498       578        746         908        616        572        533         430         246         273
Guanajuato              26 346        876   1   333   2   500   2   752    3   497     3   387    2   277    2   298    2   620     2   015     1   537     1   254
Guerrero
Gue   e o               48 159
                            59    2   304   2   553   3   830   3   439    4   509     5   292    4   166    3   665    4   645     4   363     5   209
                                                                                                                                                     09     4   184
                                                                                                                                                                 8
Hidalgo                    196          7        10        16        22         16          25         24         19         22          18           9            8
Jalisco                 56 780    2   781   3   296   5   449   5   657    6   072     6   513    4   650    4   268    5   544     5   005     4   059     3   486
México                   9 260        401       405       628       791    1   296     1   123        696        673        910         858         850         629
Michoacán               33 751    1   573   1   630   2   779   2   732    3   446     3   719    2   832    2   771    3   596     3   237     2   933     2   503
Morelos                 33 415    1   471   1   727   3   173   3   518    3   967     3   661    2   628    2   558    3   212     2   873     2   470     2   157
Nayarit                 15 485    1   021   1   017   1   028       971    1   191     1   873    1   671    1   411    1   641     1   507     1   216         938
Nuevo León                 290          3         3        24        16         52          39         42         49         36          18           6            2
Oaxaca                   5 775        317       347       576       552        596         628        511        455        568         413         399         413
Puebla                  15 719        787       897   1   689   1   734    1   668     1   606    1   192    1   173    1   418     1   287     1   172     1   096
Querétaro                4 018        123       226       365       402        525         486        377        411        390         287         209         217
Quintana Roo               186          3         9        21        12         17          12         18         28         28          15           7          16
San Luis Potosí            312          8        26        41        36         26          46         39         32         27          16           9            6
Sinaloa                  9 159        367       275       518       530        657         961        931        983    1   360         996         730         851
Sonora                   4 483         84        64       226       279        657         811        701        542        516         295         195         113
Tabasco                     46          2         3         6         6          3           9          2          4          6           0           3            2
Tamaulipas                 307          7        11        22        23         31          48         43         41         45          21          10            5
Tlaxcala                    63          2         0         7         8          7           9         11          4          1           5           7            2
Veracruz                   300         10        23        32        24         27          35         32         44         32          21          13            7
Yucatán                     43          1         3         3         2          1           6          3          2         10           6           4            2
Zacatecas                3 738        125       164       311       335        437         524        404        377        369         288         210         194
TOTAL GLOBAL               287 666 13 327 15 100 24 853 25 408            30 668     33 196      25 188     23 572     29 053     25 286      22 588      19 427
FUENTE : SUIVE/DGE/Secretaría de Salud/Estados Unidos Mexicanos-2009
