                                          Casos nuevos de Intoxicación por picadura de alacrán (T63.2, X22) por mes de ocurrencia
                                                                     Estados Unidos Mexicanos 2011
                                                                             Población General
                                                                                                  Mes de ocurrencia
            Estado              Total
                                            ENE           FEB         MAR      ABR      MAY      JUN           JUL    AGO       SEP     OCT      NOV       DIC
Aguascalientes                  2 088         80          133          210      244      218      256           179    203      167      134      160      104
Baja California                  129           5            4            7        6       17       13            17     25       11       16        4        4
Baja California Sur              106           2            2            8        7        9       16             8     17       21        7        8        1
Campeche                          94          10           10            9       13        8        6             9      7        8        7        5        2
Coahuila                         203           0            0            6       25       26       36            21     48       18       12       10        1
Colima                         11 781        615          601          799      858     1 055    1 230        1 122   1 324    1 190    1 207    1 118     662
Chiapas                          363          33           21           37       25       31       28            22     40       38       38       31       19
Chihuahua                        451          16            9           34       21       43       85            63     67       53       36       12       12
Distrito Federal                 513          31           48           38       54       56       57            44     59       32       26       33       35
Durango                         7 669        199          349          588      806     1 058    1 529          672    989      490      376      371      242
Guanajuato                     30 548        951         1 494        2 826    4 083    3 874    3 935        2 430   2 900    2 455    2 090    1 978    1 532
Guerrero                       51 284       2 583        2 770        4 044    4 040    4 674    5 739        4 393   5 075    4 350    4 513    6 057    3 046
Hidalgo                          219           0            3           16       14       22       39            23     40       26       19       12        5
Jalisco                        52 214       2 364        2 983        4 861    5 492    6 016    6 566        4 037   5 002    4 267    3 943    4 179    2 504
México                          9 781        267          340          727      894     1 165    1 180          763    860      945      973     1 155     512
Michoacán                      32 106       1 187        1 522        2 558    2 901    3 358    3 803        2 627   3 313    3 153    2 784    3 208    1 692
Morelos                        36 611       1 167        1 656        3 176    4 160    4 192    4 099        3 053   3 804    3 441    3 103    3 041    1 719
Nayarit                        13 645        487          509          834      842     1 079    1 842        1 496   1 619    1 476    1 337    1 383     741
Nuevo León                       227           1            3            7       23       26       40            23     48       26       17       11        2
Oaxaca                          5 409        249          353          569      516      545      613           504    519      389      327      515      310
Puebla                         15 239        675          926         1 647    1 597    1 498    1 659        1 195   1 524    1 252    1 089    1 407     770
Querétaro                       5 603        168          264          494      680      657      737           470    579      495      393      433      233
Quintana Roo                     236           6            9           31       26       21       28            18     29       26       21       16        5
San Luis Potosí                  267          10            4           14       24       14       33            50     45       28       21       17        7
Sinaloa                         9 521        293          271          472      504      712     1 055        1 013   1 548    1 230    1 137     921      365
Sonora                          5 592         57           71          279      416      487     1 241          862    844      585      422      257       71
Tabasco                           66           1            3            8        9        2        7             6      9        6        1       14        0
Tamaulipas                       337           6            7           25       26       33       49            56     47       33       30       17        8
Tlaxcala                          63           1            3            3        4        7        8             9     16        3        2        6        1
Veracruz                         258           7            7           38       34       20       21            41     40       17       11        9       13
Yucatán                           73           5            9            5        5        7        4             6     12        6        6        4        4
Zacatecas                       3 696        114          179          336      435      469      517           362    406      282      234      230      132
TOTAL GLOBAL                   296 392      11 590       14 563       24 706   28 784   31 399   36 471     25 594    31 058   26 519   24 332   26 622   14 754
FUENTE: SUIVE/DGE/Secretaría de Salud/Estados Unidos Mexicanos-2011
